5368290010193409
5368290011259076
5368290012378172
5368290012951689
5368290013005667
5368290016968762
5368290017630593
5368290017976244
5368290019073925
5368290019112020
5492230061247133
5278830014243848
4893490010010143
4893490010037708
4893490010082282
4893490023997500
4893490042254966
4893490052426892
4893490070159582
4893490092678957
4419663332563099
4714870000511951
4714870000524020
4714870000536420
4714870000557426
4714870000557822
4714870000593264
4714870010541956
4714870015341782
4714870035508741
4714870057787801
4714870058624870
4714870075052238
4714870078141442
4714870093428675
4893470009912970
4893500000060864
4714870027356935
4714870000500194
4714870010210784